Kinase Uniprot ID	Kinase Name	Mean Specificity Score	Mean Significance Score	Mean Final Score	Median Final score	Mean Kinase Statistic	Median Kinase Statistic	SD Kinase Statitistic	Mean peptide set size
O14757	CHK1	1.95744707264895	0.242804549861592	2.20025162251054	2.13123804178795	-0.126257921062473	-0.124877930388757	0.00966327113007071	7
P10398	ARAF	1.7145264977796	0.26486090765074	1.97938740543034	1.98581560249872	-0.135447847520702	-0.135447847520702	0	4
P15056	BRAF	1.53857025030476	0.255942588756418	1.79451283906118	1.95078197732982	-0.131449078374518	-0.135447847520702	0.00760653123078347	3.88888888888889
Q16539	MAPK14	1.19245823205865	0.186436919365667	1.37889515142432	1.59123654401345	-0.107390086018899	-0.110396131641653	0.0103127322686977	6.875
Q8NI60	ADCK3	1.23735824197548	0.221556149844288	1.45891439181977	1.58435902010385	-0.109555890147647	-0.111750516066696	0.00537025852814523	7.11111111111111
Q13464	ROCK1	1.20859847722256	0.242133411048343	1.45073188827091	1.55972078676441	-0.121593859886503	-0.129982106493287	0.0114860797111292	4.4
P28482	ERK2	1.34399487646994	0.214160217892003	1.55815509436194	1.52357417294199	-0.115667509865565	-0.118028900747924	0.0133234072531508	6.55555555555556
P27361	ERK1	1.22869982751866	0.207106622000179	1.43580644951884	1.43039203245318	-0.111856856050483	-0.114603468324654	0.00640015470036207	6.88888888888889
Q96GD4	AurB/Aur1	1.24729233556927	0.230880560891842	1.47817289646111	1.38946758936932	-0.12545792095055	-0.121705525049046	0.00744592978202876	3.77777777777778
Q16644	MAPKAPK3	1.38014578028922	0.169774346283453	1.54992012657267	1.35828798509011	-0.0925297503074719	-0.0904211283269134	0.00580627706030931	27.8888888888889
P23443	p70S6K	1.08511267170379	0.176612882207276	1.26172555391107	1.27908031326245	-0.0955605165827929	-0.0944200309296663	0.00519272513556209	14.6666666666667
P16066	ANP[alpha]	1.04588152478953	0.172083806285108	1.21796533107463	1.20242779799797	-0.0931397803221186	-0.0918925121783937	0.00224238110382224	20.4444444444444
P49137	MAPKAPK2	0.990400110809954	0.164930616959957	1.15533072776991	1.18495382393537	-0.0901573944534367	-0.0898173180110268	0.00244540122563554	24.1111111111111
Q00537	PCTAIRE2	1.15380753360835	0.238311410945399	1.39211894455375	1.17817216401364	-0.122420667813156	-0.119259325038633	0.00706897734401034	3.2
P53779	JNK3	1.01484406921314	0.175171242795977	1.19001531200912	1.13906337929991	-0.0998035738656465	-0.0981802140839692	0.00322125470302679	10.7777777777778
P45983	JNK1	0.987079905522408	0.173681774474555	1.16076167999696	1.13458804027847	-0.0989918939748078	-0.0981802140839692	0.00243503967251603	10.8888888888889
O14965	AurA/Aur2	0.888266720248424	0.194277911275831	1.08254463152425	1.11558983974895	-0.109802292565114	-0.111081975619876	0.00383904916428512	4.11111111111111
P50750	CDK9	0.857415224610596	0.215042121501957	1.07245734611255	1.10524100562811	-0.110071062980424	-0.110579778744585	0.000763073646241307	3.66666666666667
P04049	RAF1	1.01233395684576	0.198404008429538	1.2107379652753	1.07054020143434	-0.104751386599571	-0.101040994349709	0.00575493702507987	7.22222222222222
Q13153	PAK1	0.829615208218806	0.196820190251683	1.02643539847049	1.02902120632266	-0.104220959789034	-0.104220959789034	0	5
O75582	MSK1	0.837500201112767	0.19231387356755	1.02981407468032	1.02816772007507	-0.100270969067574	-0.100270969067574	0	7
P51812	RSK2	0.799888378351078	0.190866060316948	0.990754438668026	1.00478614376381	-0.099171290214761	-0.099171290214761	0	7
P24941	CDK2	0.832071861053732	0.182564888374137	1.01463674942787	1.0026345393477	-0.102520365179378	-0.10382269031646	0.0146541648654594	5.75
O43293	DAPK3	0.853707394883533	0.202108766054666	1.0558161609382	0.991723540818777	-0.111969933351028	-0.109854853814914	0.00472946162056948	3.2
P45984	JNK2	0.740454676102852	0.159797718358403	0.900252394461255	0.981832296348476	-0.0919507850630495	-0.0961247491936949	0.0109123184296017	8.88888888888889
Q96S38	RSKL1	0.756537453823918	0.200085012240192	0.95662246606411	0.959777640926921	-0.108646038253607	-0.108646038253607	0	3
Q15418	RSK3	0.76479948425929	0.176468013907036	0.941267498166326	0.929149746572427	-0.0954382156788454	-0.0954382156788454	0	8
Q13164	ERK5	0.58643756245877	0.175587575104686	0.762025137563455	0.916956283376508	-0.0920743946737409	-0.0996173175644772	0.0103502936121126	5
P11309	Pim1	0.97720227256404	0.148042121354196	1.12524439391824	0.912218582190458	-0.0828151474052838	-0.0822146210889477	0.00120438081579068	51.1111111111111
Q86V86	Pim3	0.664306731446003	0.146143778576569	0.810450510022573	0.910179637215745	-0.0820278571889605	-0.0822146082482909	0.00161106831185211	47.1111111111111
Q9P1W9	Pim2	0.808899731037942	0.153834312510299	0.962734043548241	0.904732986895304	-0.086011497122589	-0.0849933533137338	0.00315855687150274	33.6666666666667
O76039	CDKL5	0.620493730913371	0.177314690590821	0.797808421504192	0.874792084249834	-0.0985053621315658	-0.103692143440666	0.0071022928096003	3.8
P06493	CDC2/CDK1	1.05754139816868	0.17536799553354	1.23290939370222	0.850793207930215	-0.100312827971146	-0.0990259960139565	0.01758711527298	5.66666666666667
Q13535	ATR	0.590756914231247	0.166943074079973	0.75769998831122	0.771250703206416	-0.0933790618819692	-0.0944001144220706	0.0030631576203044	5.88888888888889
Q15349	RSK1/p90RSK	0.588160813705433	0.176024209030914	0.764185022736347	0.744110270444743	-0.0928548420535184	-0.0928548420535184	0	6
O43930	PRKY	0.608511376809607	0.156614300177679	0.765125676987286	0.739041839137762	-0.0906672558537377	-0.0907358737001301	0.00427488184719006	9.66666666666667
O75116	ROCK2	0.529803495268218	0.181510833151897	0.711314328420115	0.716517852951029	-0.0916883478262496	-0.0916626806771123	0.00813242539137587	4.8
O96017	CHK2	0.524755862175014	0.155834500157629	0.680590362332642	0.670724187763545	-0.0847061735712967	-0.0851234666816573	0.00500557956997209	18.4444444444444
Q02156	PKC[epsilon]	0.503166279612653	0.152348770316532	0.655515049929185	0.670398751643481	-0.0843356644530835	-0.084223674711083	0.00369661265051217	17.3333333333333
P48729	CK1[alpha]	0.488140398514352	0.157513418947115	0.645653817461467	0.662460875803289	-0.0874095403425479	-0.0876532460309531	0.0045369194878994	7
P11802	CDK4	0.486782399932061	0.134303940083929	0.621086340015991	0.621086340015991	-0.0877310358466621	-0.0877310358466621	NA	4
P50613	CDK7	0.455365710963572	0.161636759632047	0.617002470595619	0.615825861192967	-0.0856518933452413	-0.084719210254521	0.00260423448135143	7.55555555555556
O15264	p38[delta]	0.547975595677965	0.155136663475055	0.703112259153019	0.615790000206042	-0.0899429825701131	-0.0854404567433929	0.00750249402778934	7.55555555555556
Q15759	p38[beta]	0.344376484070088	0.136585014969485	0.480961499039574	0.611188586526476	-0.0774053124584459	-0.0879125959311921	0.0181991488243251	4.33333333333333
O00141	SGK1	0.413266242489749	0.166088038197323	0.579354280687072	0.57455708223279	-0.0875471801140283	-0.0875471801140283	0	3
O14920	IKK[beta]	0.494723682280177	0.174606918246577	0.669330600526754	0.560010833469554	-0.09098005174425	-0.0836743512489917	0.0138590799606435	3.66666666666667
Q04759	PKC[theta]	0.418388988022375	0.147274899778143	0.565663887800517	0.532303120972409	-0.0816284956911316	-0.0812240334475961	0.00153092241577689	19.3333333333333
P41743	PKC[iota]	0.413822831729803	0.15457016265324	0.568392994383043	0.518958885278301	-0.0828005344632964	-0.0815490597594187	0.00715143083062993	10.8888888888889
O75676	MSK2	0.354640110898197	0.142798280847176	0.497438391745373	0.501634301205957	-0.0835845333804669	-0.0835845333804669	0	3
P42345	mTOR/FRAP	0.340955341317204	0.149108710522606	0.49006405183981	0.49046415350604	-0.0812146051769493	-0.0813941177407891	0.000269268845759653	4.33333333333333
O95819	HGK/ZC1	0.291974400323084	0.124016893834657	0.415991294157741	0.469913053642651	-0.0765531891681056	-0.0811299698753174	0.00781670777254026	4.57142857142857
Q96Q40	PFTAIRE2	0.361592137241045	0.145964213767956	0.507556351009002	0.454905752363527	-0.0820966286396338	-0.0784272848696922	0.0061763059752403	4.55555555555556
Q14164	IKK[epsilon]	0.317594480771052	0.130377389589432	0.447971870360484	0.448686655496138	-0.0789324670866032	-0.0787936108138283	0.00027553437430785	4.77777777777778
Q05513	PKC[zeta]	0.284373496494003	0.137895395203997	0.422268891698	0.441656294079224	-0.0768057693870894	-0.0795900454375207	0.00466835413027215	6.22222222222222
O15075	DCAMKL1	0.307631973064602	0.129387858354249	0.437019831418851	0.4374171397002	-0.0777902115307095	-0.0777902115307095	0	3
Q15139	PKD1	0.285701207523677	0.141852615756051	0.427553823279728	0.429849503360882	-0.0777824254789388	-0.0777824254789388	0	6
P49841	GSK3[beta]	0.238787145827182	0.140865017432969	0.37965216326015	0.382873794660888	-0.0716142951196592	-0.0716142951196592	0	3
Q9UIK4	DAPK2	0.257400000450776	0.125797891186482	0.383197891637258	0.381140583230589	-0.0741551227587562	-0.0741551227587562	0	3
O60285	NuaK1	0.237733779948635	0.136831475760211	0.374565255708846	0.369840717951908	-0.0707050228287181	-0.0707050228287181	0	3
Q9UQM7	CaMK2[alpha]	0.245266736637524	0.122123666075005	0.367390402712529	0.368349280129358	-0.0720225755868308	-0.0720225755868308	0	3
Q9Y6S9	RSKL2	0.218298727145863	0.137328328373905	0.355627055519767	0.35833861193799	-0.0687721463045126	-0.0687721463045126	0	3
Q16512	PKN1/PRK1	0.250441766870887	0.124386746750815	0.374828513621702	0.358156132450469	-0.0721866043578272	-0.0713548724541299	0.00915222547552668	4.25
P24723	PKC[eta]	0.284422139133532	0.140489148421405	0.424911287554937	0.357939294198718	-0.077896492370854	-0.0748280178512138	0.00666868184071634	11.8888888888889
Q9UHD2	TBK1	0.217127674835364	0.114694607271061	0.331822282106425	0.330236964631972	-0.0673081221419988	-0.0673081221419988	0	3
P53778	p38[gamma]	0.234055044154027	0.123961702740296	0.358016746894323	0.318146370445585	-0.071750015203661	-0.0683185121303322	0.00686300614665755	3.25
Q13976	PKG1	0.216634734893314	0.135378029261277	0.352012764154591	0.308635556824167	-0.0769922102799335	-0.0766310521196848	0.00191200339746318	37.8888888888889
O94921	PFTAIRE1	0.19520678450187	0.106559439836122	0.301766224337992	0.300786858826078	-0.0655804082085511	-0.0655804082085511	0	3
Q9HBY8	SGK2	0.240128146745331	0.128863293292657	0.368991440037989	0.29672238192449	-0.0762444577138286	-0.0728853189106411	0.00760700310255321	13.1111111111111
O15111	IKK[alpha]	0.156673094026916	0.100198030595273	0.256871124622188	0.28582453442576	-0.0611394268279815	-0.0672047675398258	0.00909801106776646	3.66666666666667
P68400	CK2[alpha]1	0.164214499542656	0.0975567589289891	0.261771258471645	0.258820027118049	-0.0614820760560352	-0.0614820760560352	0	3
Q15131	CDK10	0.176772391701308	0.11724540556019	0.294017797261498	0.254013834499511	-0.0663782900608145	-0.0643927110917392	0.0104601474641185	5
P05771	PKC[beta]	0.137986591283257	0.112445263889662	0.250431855172919	0.24378393817361	-0.0650637140196512	-0.0650637140196512	0	6
P05129	PKC[gamma]	0.138842899131984	0.11690514061405	0.255748039746034	0.242959448498172	-0.0691112938552178	-0.0680052862625128	0.00233128761858488	11.1111111111111
Q05655	PKC[delta]	0.116323969738764	0.120184303446654	0.236508273185418	0.233816259027796	-0.0701606629575118	-0.0707699234794422	0.00451078700800631	20
Q9UBS0	p70S6K[beta]	0.180369253491891	0.126607465555333	0.306976719047224	0.212092000654497	-0.073910436705917	-0.0705704961817919	0.00620991924809091	23.4444444444444
Q13131	AMPK[alpha]1	0.0664900239080919	0.0981175299915975	0.164607553899689	0.202505327839502	-0.0585613290093347	-0.0642132330966339	0.0102688273437746	10.7777777777778
P31751	Akt2/PKB[beta]	0.0753134800467175	0.119844694129243	0.195158174175961	0.187741919908713	-0.0683985352802783	-0.0686783230799006	0.00412547594391916	23.1111111111111
P51817	PRKX	0.108971054232669	0.123135914174236	0.232106968406905	0.174309101755513	-0.0719137036297378	-0.0711099804892157	0.00412935124728803	29.2222222222222
Q00526	CDK3	0.198984656936878	0.104088826564876	0.303073483501754	0.170256364919899	-0.0640295026704066	-0.0514257013341363	0.0153330956457925	5
P17612	PKA[alpha]	0.0431772466691959	0.125744962587309	0.168922209256505	0.168903561459631	-0.0728499650002105	-0.0733491372634237	0.00173272831023135	47.4444444444444
Q13237	PKG2	0.0423461797973757	0.117208255903164	0.159554435700539	0.155960445690479	-0.0690439700799791	-0.0684847648270814	0.00326387640770946	33.4444444444444
P31749	Akt1/PKB[alpha]	0.065013585839079	0.118027954609539	0.183041540448618	0.150934554489226	-0.0679072390533306	-0.0655199708248098	0.00457218632714863	25.4444444444444
P17252	PKC[alpha]	0.0147356346092711	0.104184073740397	0.118919708349668	0.121816120524659	-0.0618678618294113	-0.0618227244186998	0.00200193265909344	24.6666666666667
Q16566	CaMK4	0.0232788461425444	0.0866650963416826	0.109943942484227	0.112274702030608	-0.0531290366991967	-0.0534219166792709	0.0042041906352898	11.6666666666667
P49674	CK1[epsilon]	0.0506099933550872	0.0614802748235081	0.112090268178595	0.112090268178595	-0.036870530687538	-0.036870530687538	NA	3
